1111010101000111111101010100011111110101010001111111010101000111
0101010101000111010101010100011101010101010001110101010101000111
0101010101000101010101010100010101010101010001010101010101000101
1101010101000101110101010100010111010101010001011101010101000101
0101010101000101010101010100010101010101010001010101010101000101
1101010101000101110101010100010111010101010001011101010101000101
1101010101000101110101010100010111010101010001011101010101000101
1101010101000101110101010100010111010101010001011101010101000101
1101010111000101110101011100010111010101110001011101010111000101
0101010010000101010101001000010101010100100001010101010010000101
1101010010000101110101001000010111010100100001011101010010000101
1101010101000101110101010100010111010101010001011101010101000101
0101010101000101010101010100010101010101010001010101010101000101
1101010101000101110101010100010111010101010001011101010101000101
1101010101000101110101010100010111010101010001011101010101000101